0.84274159 -0.37087721 -0.39017521 0
0.30302307 0.92589521 -0.22559939 0
0.44493103 0.0718899 0.89267475 0
0 0 0 1
