0.88785939 0.30516535 0.34435421 0
-0.14435216 0.89536741 -0.42128334 0
-0.43688461 0.3243321 0.83901164 0
0 0 0 1